3
42 43
3 2
3000000000000 1000000
+3.750000e+000 +2.500000e-001
true
true
true
false
false
false
-1.500000e+000
+2.000000e+000
true
44
1
255
true
-106
127
-100
true
4464
16960
-25536
48 252 204
192 15
-6 -6
8 0 15
-128 -2
200 232
1200
28 4 -128
705032704 -294967296
2147483648
10 20
-7 -1 -2147483648
3 999 0
5 3
false
42 true
0 false
42
99
42
42
42
5 true
20 false
1
-3
false
true
true
true
1
1
1
1
0
1
700 true
false
10 2
20 true
0 false
0 false
7 true
false false
2
71 true
0 false
Go!
10
20
30
10
1
3
1
2
3
1
10
99
1
20
99
100
0
1
2
0
1
0
1
0
1
0
1
2
0
1
0
1
1
2
1
2
2
1
2
1
2
15
0
1
2
3
2
1
2
1
0
